{ {M11:1 M12:0 M13:0 M14:0} {M21:0 M22:1 M23:0 M24:0} {M31:0 M32:0 M33:1 M34:0} {M41:0 M42:0 M43:0 M44:0} }
{ {M11:1 M12:0 M13:0 M14:0} {M21:0 M22:1 M23:0 M24:0} {M31:0 M32:0 M33:1 M34:0} {M41:0 M42:0 M43:0 M44:0} }
{ {M11:1 M12:0 M13:0 M14:0} {M21:0 M22:1 M23:0 M24:0} {M31:0 M32:0 M33:1 M34:0} {M41:0 M42:0 M43:0 M44:0} }
{ {M11:1 M12:0 M13:0 M14:0} {M21:0 M22:1 M23:0 M24:0} {M31:0 M32:0 M33:1 M34:0} {M41:0 M42:0 M43:0 M44:0} }
{ {M11:1 M12:0 M13:0 M14:0} {M21:0 M22:1 M23:0 M24:0} {M31:0 M32:0 M33:1 M34:0} {M41:0 M42:0 M43:0 M44:0} }
{ {M11:1 M12:0 M13:0 M14:0} {M21:0 M22:1 M23:0 M24:0} {M31:0 M32:0 M33:1 M34:0} {M41:0 M42:0 M43:0 M44:0} }
{ {M11:1 M12:0 M13:0 M14:0} {M21:0 M22:1 M23:0 M24:0} {M31:0 M32:0 M33:1 M34:0} {M41:0 M42:0 M43:0 M44:0} }
{ {M11:1 M12:0 M13:0 M14:0} {M21:0 M22:1 M23:0 M24:0} {M31:0 M32:0 M33:1 M34:0} {M41:0 M42:0 M43:0 M44:0} }
{ {M11:1 M12:0 M13:0 M14:0} {M21:0 M22:1 M23:0 M24:0} {M31:0 M32:0 M33:1 M34:0} {M41:0 M42:0 M43:0 M44:0} }
{ {M11:1 M12:0 M13:0 M14:0} {M21:0 M22:1 M23:0 M24:0} {M31:0 M32:0 M33:1 M34:0} {M41:0 M42:0 M43:0 M44:0} }
{ {M11:1 M12:0 M13:0 M14:0} {M21:0 M22:1 M23:0 M24:0} {M31:0 M32:0 M33:1 M34:0} {M41:0 M42:0 M43:0 M44:0} }
{ {M11:1 M12:0 M13:0 M14:0} {M21:0 M22:1 M23:0 M24:0} {M31:0 M32:0 M33:1 M34:0} {M41:0 M42:0 M43:0 M44:0} }
{ {M11:-0.99590385 M12:0.08912158 M13:-0.015269198 M14:-0.35343862} {M21:0.017226992 M22:0.02123962 M23:-0.99962604 M24:0.009966493} {M31:-0.08876389 M32:-0.9957944 M33:-0.022687925 M34:0.15921068} {M41:0 M42:0 M43:0 M44:0} }
{ {M11:-0.995893 M12:0.08996335 M13:-0.010193739 M14:-0.35681033} {M21:0.011672425 M22:0.015925396 M23:-0.9998051 M24:0.012971401} {M31:-0.08978352 M32:-0.9958179 M33:-0.016910091 M34:0.15550244} {M41:0 M42:0 M43:0 M44:0} }
{ {M11:-0.9954697 M12:0.09470746 M13:-0.008416776 M14:-0.35757494} {M21:0.009510134 M22:0.01109882 M23:-0.99989325 M24:0.013685465} {M31:-0.094604015 M32:-0.99544334 M33:-0.011949231 M34:0.15480578} {M41:0 M42:0 M43:0 M44:0} }
{ {M11:-0.9955532 M12:0.09377125 M13:-0.008998651 M14:-0.3568852} {M21:0.010206783 M22:0.012411841 M23:-0.9998709 M24:0.013234496} {M31:-0.09364754 M32:-0.99551654 M33:-0.013313764 M34:0.15546405} {M41:0 M42:0 M43:0 M44:0} }
{ {M11:-0.9904027 M12:0.13153279 M13:0.04244903 M14:-0.36653125} {M21:-0.036822416 M22:0.044918947 M23:-0.9983118 M24:0.010927677} {M31:-0.13321751 M32:-0.99029374 M33:-0.0396445 M34:0.15887678} {M41:0 M42:0 M43:0 M44:0} }
{ {M11:-0.9931909 M12:0.11640376 M13:0.0047068503 M14:-0.4089737} {M21:-0.0024498717 M22:0.019524427 M23:-0.9998064 M24:0.009750366} {M31:-0.11647314 M32:-0.99301016 M33:-0.019106321 M34:0.1561135} {M41:0 M42:0 M43:0 M44:0} }
{ {M11:-0.99198985 M12:0.124866635 M13:-0.019098822 M14:-0.41944826} {M21:0.017773928 M22:-0.011716285 M23:-0.99977344 M24:0.010779023} {M31:-0.12506211 M32:-0.99210453 M33:0.009403054 M34:0.15281296} {M41:0 M42:0 M43:0 M44:0} }
{ {M11:-0.9991573 M12:0.040503174 M13:0.006668982 M14:-0.48715746} {M21:-0.005979499 M22:0.017119523 M23:-0.9998356 M24:0.011992574} {M31:-0.04061076 M32:-0.99903286 M33:-0.01686292 M34:0.14867699} {M41:0 M42:0 M43:0 M44:0} }
{ {M11:-0.99988854 M12:-0.008567423 M13:-0.012237094 M14:-0.5361867} {M21:0.012057826 M22:0.020675557 M23:-0.99971354 M24:0.008926272} {M31:0.008817881 M32:-0.9997496 M33:-0.020569958 M34:0.15288556} {M41:0 M42:0 M43:0 M44:0} }
{ {M11:-0.999227 M12:0.006810367 M13:-0.038719703 M14:-0.5956676} {M21:0.038809497 M22:0.013584052 M23:-0.9991543 M24:0.01190114} {M31:-0.006278664 M32:-0.99988467 M33:-0.013837868 M34:0.1507535} {M41:0 M42:0 M43:0 M44:0} }
{ {M11:-0.99891394 M12:0.005408615 M13:-0.046279922 M14:-0.63392043} {M21:0.04634469 M22:0.012529924 M23:-0.99884695 M24:0.010012507} {M31:-0.0048225224 M32:-0.999907 M33:-0.012766987 M34:0.15256095} {M41:0 M42:0 M43:0 M44:0} }
{ {M11:-0.9991729 M12:-0.026372522 M13:-0.03095349 M14:-0.6751679} {M21:0.030766193 M22:0.007479385 M23:-0.99949867 M24:0.0108578205} {M31:0.026590735 M32:-0.9996243 M33:-0.0066618286 M34:0.1523248} {M41:0 M42:0 M43:0 M44:0} }
{ {M11:-0.9987621 M12:-0.03432089 M13:-0.03600847 M14:-0.71567976} {M21:0.03618648 M22:-0.0045787687 M23:-0.99933463 M24:0.013391018} {M31:0.034133166 M32:-0.9994005 M33:0.0058150403 M34:0.15248322} {M41:0 M42:0 M43:0 M44:0} }
{ {M11:-0.9978417 M12:-0.060001016 M13:-0.026681766 M14:-0.7494767} {M21:0.026219524 M22:0.008478581 M23:-0.9996203 M24:0.014900088} {M31:0.060204446 M32:-0.99816245 M33:-0.006887096 M34:0.15501535} {M41:0 M42:0 M43:0 M44:0} }
{ {M11:-0.9930464 M12:-0.09104705 M13:-0.07462927 M14:-0.7405505} {M21:0.07683896 M22:-0.021005813 M23:-0.99682224 M24:0.014450073} {M31:0.089190036 M32:-0.99562514 M33:0.027855696 M34:0.15943277} {M41:0 M42:0 M43:0 M44:0} }
{ {M11:-0.9989531 M12:-0.02816251 M13:-0.0360503 M14:-0.6867204} {M21:0.037147004 M22:-0.03944048 M23:-0.9985312 M24:0.01345861} {M31:0.026699275 M32:-0.9988251 M33:0.04044533 M34:0.16339529} {M41:0 M42:0 M43:0 M44:0} }
{ {M11:-0.9991899 M12:-0.015423864 M13:-0.037173763 M14:-0.6180085} {M21:0.03730556 M22:-0.008345218 M23:-0.9992691 M24:0.011770129} {M31:0.015102297 M32:-0.99984634 M33:0.008913839 M34:0.16564727} {M41:0 M42:0 M43:0 M44:0} }
{ {M11:-0.998753 M12:0.025188029 M13:-0.043105993 M14:-0.55918753} {M21:0.04261279 M22:-0.019801285 M23:-0.99889547 M24:0.010512948} {M31:-0.026013792 M32:-0.99948674 M33:0.018703248 M34:0.16282594} {M41:0 M42:0 M43:0 M44:0} }
{ {M11:-0.99896747 M12:0.028837055 M13:-0.03510887 M14:-0.51077914} {M21:0.034701932 M22:-0.014494021 M23:-0.9992926 M24:0.010020971} {M31:-0.029325604 M32:-0.9994792 M33:0.0134783415 M34:0.16314852} {M41:0 M42:0 M43:0 M44:0} }
{ {M11:-0.99975085 M12:0.021061301 M13:-0.0074018813 M14:-0.45824337} {M21:0.007101804 M22:-0.014288495 M23:-0.99987274 M24:0.008900762} {M31:-0.021164417 M32:-0.9996762 M33:0.0141353505 M34:0.16425192} {M41:0 M42:0 M43:0 M44:0} }
{ {M11:-0.9953325 M12:0.09238738 M13:-0.027893797 M14:-0.40062177} {M21:0.02611272 M22:-0.020431971 M23:-0.9994502 M24:0.010302782} {M31:-0.092906475 M32:-0.9955136 M33:0.017924108 M34:0.1591978} {M41:0 M42:0 M43:0 M44:0} }
{ {M11:-0.99177134 M12:0.12544501 M13:-0.025559874 M14:-0.3412882} {M21:0.025951473 M22:0.001487949 M23:-0.99966216 M24:0.011098266} {M31:-0.12536466 M32:-0.9920995 M33:-0.0047312006 M34:0.17172873} {M41:0 M42:0 M43:0 M44:0} }
{ {M11:-0.9891051 M12:0.14541918 M13:-0.022903007 M14:-0.26562762} {M21:0.024552494 M22:0.009557924 M23:-0.99965286 M24:0.022446632} {M31:-0.14514986 M32:-0.9893241 M33:-0.013024205 M34:0.16031241} {M41:0 M42:0 M43:0 M44:0} }
{ {M11:-0.98813903 M12:0.15216345 M13:-0.020681424 M14:-0.22042966} {M21:0.020235542 M22:-0.0044786534 M23:-0.99978524 M24:0.040988564} {M31:-0.15222347 M32:-0.98834527 M33:0.0013464103 M34:0.14258921} {M41:0 M42:0 M43:0 M44:0} }
{ {M11:1 M12:0 M13:0 M14:0} {M21:0 M22:1 M23:0 M24:0} {M31:0 M32:0 M33:1 M34:0} {M41:0 M42:0 M43:0 M44:0} }
{ {M11:1 M12:0 M13:0 M14:0} {M21:0 M22:1 M23:0 M24:0} {M31:0 M32:0 M33:1 M34:0} {M41:0 M42:0 M43:0 M44:0} }
{ {M11:1 M12:0 M13:0 M14:0} {M21:0 M22:1 M23:0 M24:0} {M31:0 M32:0 M33:1 M34:0} {M41:0 M42:0 M43:0 M44:0} }
{ {M11:1 M12:0 M13:0 M14:0} {M21:0 M22:1 M23:0 M24:0} {M31:0 M32:0 M33:1 M34:0} {M41:0 M42:0 M43:0 M44:0} }
{ {M11:1 M12:0 M13:0 M14:0} {M21:0 M22:1 M23:0 M24:0} {M31:0 M32:0 M33:1 M34:0} {M41:0 M42:0 M43:0 M44:0} }
{ {M11:1 M12:0 M13:0 M14:0} {M21:0 M22:1 M23:0 M24:0} {M31:0 M32:0 M33:1 M34:0} {M41:0 M42:0 M43:0 M44:0} }
{ {M11:1 M12:0 M13:0 M14:0} {M21:0 M22:1 M23:0 M24:0} {M31:0 M32:0 M33:1 M34:0} {M41:0 M42:0 M43:0 M44:0} }
{ {M11:1 M12:0 M13:0 M14:0} {M21:0 M22:1 M23:0 M24:0} {M31:0 M32:0 M33:1 M34:0} {M41:0 M42:0 M43:0 M44:0} }
{ {M11:1 M12:0 M13:0 M14:0} {M21:0 M22:1 M23:0 M24:0} {M31:0 M32:0 M33:1 M34:0} {M41:0 M42:0 M43:0 M44:0} }
{ {M11:1 M12:0 M13:0 M14:0} {M21:0 M22:1 M23:0 M24:0} {M31:0 M32:0 M33:1 M34:0} {M41:0 M42:0 M43:0 M44:0} }
{ {M11:1 M12:0 M13:0 M14:0} {M21:0 M22:1 M23:0 M24:0} {M31:0 M32:0 M33:1 M34:0} {M41:0 M42:0 M43:0 M44:0} }
{ {M11:1 M12:0 M13:0 M14:0} {M21:0 M22:1 M23:0 M24:0} {M31:0 M32:0 M33:1 M34:0} {M41:0 M42:0 M43:0 M44:0} }
{ {M11:1 M12:0 M13:0 M14:0} {M21:0 M22:1 M23:0 M24:0} {M31:0 M32:0 M33:1 M34:0} {M41:0 M42:0 M43:0 M44:0} }
{ {M11:1 M12:0 M13:0 M14:0} {M21:0 M22:1 M23:0 M24:0} {M31:0 M32:0 M33:1 M34:0} {M41:0 M42:0 M43:0 M44:0} }
{ {M11:1 M12:0 M13:0 M14:0} {M21:0 M22:1 M23:0 M24:0} {M31:0 M32:0 M33:1 M34:0} {M41:0 M42:0 M43:0 M44:0} }
{ {M11:1 M12:0 M13:0 M14:0} {M21:0 M22:1 M23:0 M24:0} {M31:0 M32:0 M33:1 M34:0} {M41:0 M42:0 M43:0 M44:0} }
{ {M11:1 M12:0 M13:0 M14:0} {M21:0 M22:1 M23:0 M24:0} {M31:0 M32:0 M33:1 M34:0} {M41:0 M42:0 M43:0 M44:0} }
{ {M11:-0.99869895 M12:-0.02082616 M13:-0.046549913 M14:-0.6431186} {M21:0.046069324 M22:0.022991123 M23:-0.9986737 M24:0.010097384} {M31:0.021868736 M32:-0.9995189 M33:-0.022001777 M34:-0.031790733} {M41:0 M42:0 M43:0 M44:0} }
{ {M11:-0.9976269 M12:0.06378445 M13:-0.025928626 M14:-0.642954} {M21:0.026612261 M22:0.009891157 M23:-0.99959695 M24:0.011156321} {M31:-0.06350228 M32:-0.9979148 M33:-0.011565143 M34:-0.031741858} {M41:0 M42:0 M43:0 M44:0} }
{ {M11:-0.99776816 M12:0.061541587 M13:-0.02591309 M14:-0.6424197} {M21:0.02666441 M22:0.011418005 M23:-0.99957925 M24:0.010731816} {M31:-0.06121984 M32:-0.9980393 M33:-0.013033504 M34:-0.031214118} {M41:0 M42:0 M43:0 M44:0} }
{ {M11:-0.997697 M12:0.06200385 M13:-0.027502064 M14:-0.6426811} {M21:0.028255504 M22:0.011306956 M23:-0.9995368 M24:0.0109398365} {M31:-0.061664313 M32:-0.99801195 M33:-0.01303288 M34:-0.031478047} {M41:0 M42:0 M43:0 M44:0} }
{ {M11:-0.9977237 M12:0.06159982 M13:-0.027443022 M14:-0.6428485} {M21:0.028223876 M22:0.011841494 M23:-0.9995315 M24:0.011118174} {M31:-0.061246037 M32:-0.9980308 M33:-0.013553136 M34:-0.031777263} {M41:0 M42:0 M43:0 M44:0} }
{ {M11:-0.99772906 M12:0.061740875 M13:-0.026924055 M14:-0.6423123} {M21:0.027605686 M22:0.010213269 M23:-0.99956673 M24:0.01052165} {M31:-0.061439157 M32:-0.9980401 M33:-0.011894484 M34:-0.031083226} {M41:0 M42:0 M43:0 M44:0} }
{ {M11:-0.9976784 M12:0.062598825 M13:-0.026818346 M14:-0.64253926} {M21:0.027424868 M22:0.008849386 M23:-0.99958473 M24:0.0106835365} {M31:-0.06233549 M32:-0.99799967 M33:-0.010545619 M34:-0.031253576} {M41:0 M42:0 M43:0 M44:0} }
{ {M11:-0.9975941 M12:0.054385364 M13:-0.042994004 M14:-0.64518} {M21:0.04434323 M22:0.023849035 M23:-0.9987317 M24:0.013574839} {M31:-0.053291142 M32:-0.99823534 M33:-0.026203293 M34:-0.04520285} {M41:0 M42:0 M43:0 M44:0} }
{ {M11:-0.99889696 M12:0.034103453 M13:-0.032279722 M14:-0.6437988} {M21:0.03223335 M22:-0.0019095845 M23:-0.9994786 M24:0.011386275} {M31:-0.034147352 M32:-0.9994166 M33:0.000808198 M34:-0.08367157} {M41:0 M42:0 M43:0 M44:0} }
{ {M11:-0.9984336 M12:0.033611685 M13:-0.044731162 M14:-0.6404798} {M21:0.04586863 M22:0.033867955 M23:-0.9983732 M24:0.00987339} {M31:-0.032042056 M32:-0.9988611 M33:-0.035356637 M34:-0.11944568} {M41:0 M42:0 M43:0 M44:0} }
{ {M11:-0.9962039 M12:0.07168037 M13:-0.049395412 M14:-0.63804007} {M21:0.051097874 M22:0.022113157 M23:-0.99844885 M24:0.010026336} {M31:-0.07047683 M32:-0.9971826 M33:-0.025691938 M34:-0.15913904} {M41:0 M42:0 M43:0 M44:0} }
{ {M11:-0.99688596 M12:0.07162455 M13:-0.03299226 M14:-0.64491284} {M21:0.034069106 M22:0.013864655 M23:-0.99932337 M24:0.012842417} {M31:-0.07111871 M32:-0.99733543 M33:-0.016261678 M34:-0.18726301} {M41:0 M42:0 M43:0 M44:0} }
{ {M11:-0.996793 M12:0.06753212 M13:-0.042934515 M14:-0.65160716} {M21:0.045143016 M22:0.03152311 M23:-0.99848306 M24:0.015213013} {M31:-0.06607628 M32:-0.9972191 M33:-0.034470625 M34:-0.2174151} {M41:0 M42:0 M43:0 M44:0} }
{ {M11:-0.9972225 M12:0.054567903 M13:-0.05069311 M14:-0.6618974} {M21:0.05223106 M22:0.02713562 M23:-0.99826634 M24:0.027425647} {M31:-0.053097755 M32:-0.9981414 M33:-0.029910404 M34:-0.278162} {M41:0 M42:0 M43:0 M44:0} }
{ {M11:-0.99740684 M12:0.06148979 M13:-0.037401244 M14:-0.6690918} {M21:0.03800514 M22:0.008680125 M23:-0.99923986 M24:0.040442705} {M31:-0.061118424 M32:-0.9980701 M33:-0.010994554 M34:-0.31637418} {M41:0 M42:0 M43:0 M44:0} }
{ {M11:-0.99679565 M12:0.065742224 M13:-0.04556916 M14:-0.7002884} {M21:0.046912685 M22:0.019038143 M23:-0.9987176 M24:0.0600549} {M31:-0.06479046 M32:-0.99765515 M33:-0.0220613 M34:-0.32735574} {M41:0 M42:0 M43:0 M44:0} }
{ {M11:1 M12:0 M13:0 M14:0} {M21:0 M22:1 M23:0 M24:0} {M31:0 M32:0 M33:1 M34:0} {M41:0 M42:0 M43:0 M44:0} }
{ {M11:1 M12:0 M13:0 M14:0} {M21:0 M22:1 M23:0 M24:0} {M31:0 M32:0 M33:1 M34:0} {M41:0 M42:0 M43:0 M44:0} }
{ {M11:1 M12:0 M13:0 M14:0} {M21:0 M22:1 M23:0 M24:0} {M31:0 M32:0 M33:1 M34:0} {M41:0 M42:0 M43:0 M44:0} }
{ {M11:1 M12:0 M13:0 M14:0} {M21:0 M22:1 M23:0 M24:0} {M31:0 M32:0 M33:1 M34:0} {M41:0 M42:0 M43:0 M44:0} }
{ {M11:1 M12:0 M13:0 M14:0} {M21:0 M22:1 M23:0 M24:0} {M31:0 M32:0 M33:1 M34:0} {M41:0 M42:0 M43:0 M44:0} }
{ {M11:-0.999231 M12:-0.01970324 M13:-0.03390262 M14:-0.6432041} {M21:0.033570092 M22:0.01697069 M23:-0.9992923 M24:0.013837576} {M31:0.020264566 M32:-0.9996619 M33:-0.016296212 M34:-0.20205855} {M41:0 M42:0 M43:0 M44:0} }
{ {M11:-0.99808466 M12:-0.032675236 M13:-0.0525306 M14:-0.6461456} {M21:0.051949255 M22:0.01839443 M23:-0.9984803 M24:0.017997146} {M31:0.033591777 M32:-0.9992969 M33:-0.016661754 M34:-0.19445288} {M41:0 M42:0 M43:0 M44:0} }
{ {M11:-0.9974797 M12:-0.019986272 M13:-0.06808046 M14:-0.6378573} {M21:0.068830825 M22:-0.039623123 M23:-0.9968412 M24:0.009177685} {M31:0.017225504 M32:-0.9990149 M33:0.04089892 M34:-0.16206586} {M41:0 M42:0 M43:0 M44:0} }
{ {M11:-0.99793124 M12:0.020750076 M13:-0.06085083 M14:-0.6394907} {M21:0.061156675 M22:0.014436295 M23:-0.9980238 M24:0.011333108} {M31:-0.019830614 M32:-0.9996806 M33:-0.015675446 M34:-0.096771} {M41:0 M42:0 M43:0 M44:0} }
{ {M11:-0.99801046 M12:0.009611726 M13:-0.06231289 M14:-0.6386858} {M21:0.06257159 M22:0.029489568 M23:-0.9976047 M24:0.0112468} {M31:-0.007751107 M32:-0.999519 M33:-0.030032326 M34:-0.042865038} {M41:0 M42:0 M43:0 M44:0} }
{ {M11:-0.99558604 M12:0.036356717 M13:-0.08652629 M14:-0.6378268} {M21:0.08510814 M22:-0.038897447 M23:-0.9956122 M24:0.010623813} {M31:-0.03956285 M32:-0.99858177 M33:0.035631485 M34:0.0037585497} {M41:0 M42:0 M43:0 M44:0} }
{ {M11:-0.997846 M12:-0.008014709 M13:-0.06511101 M14:-0.64265215} {M21:0.065138005 M22:-0.0031512603 M23:-0.99787134 M24:0.014149666} {M31:0.007792473 M32:-0.99996305 M33:0.003666522 M34:0.047982335} {M41:0 M42:0 M43:0 M44:0} }
{ {M11:-0.99642086 M12:-0.032524407 M13:-0.078024045 M14:-0.6440494} {M21:0.0783538 M22:-0.008988 M23:-0.9968851 M24:0.017585993} {M31:0.03172183 M32:-0.99943066 M33:0.011504233 M34:0.097794056} {M41:0 M42:0 M43:0 M44:0} }
{ {M11:-0.99495757 M12:-0.045730025 M13:-0.08926584 M14:-0.637992} {M21:0.08980861 M22:-0.009950812 M23:-0.9959094 M24:0.015107274} {M31:0.044654667 M32:-0.9989044 M33:0.014007572 M34:0.15468669} {M41:0 M42:0 M43:0 M44:0} }
{ {M11:-0.9860462 M12:-0.1651631 M13:-0.020837102 M14:-0.63469446} {M21:0.021403775 M22:-0.0016516272 M23:-0.99976957 M24:0.012640238} {M31:0.16509059 M32:-0.986265 M33:0.0051636826 M34:0.19327223} {M41:0 M42:0 M43:0 M44:0} }
{ {M11:-0.5447815 M12:-0.83821607 M13:0.024641678 M14:-1.027606} {M21:-0.25620827 M22:0.1383936 M23:-0.95666325 M24:0.4307152} {M31:0.79848015 M32:-0.5274859 M33:-0.29015213 M34:0.29490006} {M41:0 M42:0 M43:0 M44:0} }
{ {M11:0.3408236 M12:-0.6858784 M13:0.64296997 M14:2.7062693} {M21:0.5910328 M22:-0.3755421 M23:-0.7138967 M24:3.1185403} {M31:0.73110855 M32:0.6233291 M33:0.27738306 M34:-1.5814055} {M41:0 M42:0 M43:0 M44:0} }
{ {M11:-0.096278906 M12:-0.99530816 M13:0.009609939 M14:-1.5305803} {M21:-0.028407276 M22:-0.006903217 M23:-0.99957263 M24:0.47599447} {M31:0.9949491 M32:-0.09651077 M33:-0.027609318 M34:0.28387415} {M41:0 M42:0 M43:0 M44:0} }
{ {M11:-0.096708626 M12:-0.9952706 M13:0.009166063 M14:-1.528939} {M21:-0.028013788 M22:-0.0064837774 M23:-0.9995866 M24:0.47677732} {M31:0.99491847 M32:-0.09692547 M33:-0.027254224 M34:0.28530347} {M41:0 M42:0 M43:0 M44:0} }
{ {M11:-0.09578213 M12:-0.99535143 M13:0.010082462 M14:-1.519764} {M21:-0.029308012 M22:-0.007304651 M23:-0.9995438 M24:0.48236716} {M31:0.9949708 M32:-0.09603402 M33:-0.028472073 M34:0.29432786} {M41:0 M42:0 M43:0 M44:0} }
{ {M11:-0.09582007 M12:-0.99534047 M13:0.0107812695 M14:-1.5248343} {M21:-0.029412504 M22:-0.007995224 M23:-0.99953544 M24:0.47970212} {M31:0.9949641 M32:-0.09609273 M33:-0.02850931 M34:0.28998792} {M41:0 M42:0 M43:0 M44:0} }
