{ {M11:1 M12:0 M13:0 M14:0} {M21:0 M22:1 M23:0 M24:0} {M31:0 M32:0 M33:1 M34:0} {M41:0 M42:0 M43:0 M44:0} }
{ {M11:1 M12:0 M13:0 M14:0} {M21:0 M22:1 M23:0 M24:0} {M31:0 M32:0 M33:1 M34:0} {M41:0 M42:0 M43:0 M44:0} }
{ {M11:1 M12:0 M13:0 M14:0} {M21:0 M22:1 M23:0 M24:0} {M31:0 M32:0 M33:1 M34:0} {M41:0 M42:0 M43:0 M44:0} }
{ {M11:1 M12:0 M13:0 M14:0} {M21:0 M22:1 M23:0 M24:0} {M31:0 M32:0 M33:1 M34:0} {M41:0 M42:0 M43:0 M44:0} }
{ {M11:1 M12:0 M13:0 M14:0} {M21:0 M22:1 M23:0 M24:0} {M31:0 M32:0 M33:1 M34:0} {M41:0 M42:0 M43:0 M44:0} }
{ {M11:1 M12:0 M13:0 M14:0} {M21:0 M22:1 M23:0 M24:0} {M31:0 M32:0 M33:1 M34:0} {M41:0 M42:0 M43:0 M44:0} }
{ {M11:1 M12:0 M13:0 M14:0} {M21:0 M22:1 M23:0 M24:0} {M31:0 M32:0 M33:1 M34:0} {M41:0 M42:0 M43:0 M44:0} }
{ {M11:1 M12:0 M13:0 M14:0} {M21:0 M22:1 M23:0 M24:0} {M31:0 M32:0 M33:1 M34:0} {M41:0 M42:0 M43:0 M44:0} }
{ {M11:1 M12:0 M13:0 M14:0} {M21:0 M22:1 M23:0 M24:0} {M31:0 M32:0 M33:1 M34:0} {M41:0 M42:0 M43:0 M44:0} }
{ {M11:1 M12:0 M13:0 M14:0} {M21:0 M22:1 M23:0 M24:0} {M31:0 M32:0 M33:1 M34:0} {M41:0 M42:0 M43:0 M44:0} }
{ {M11:1 M12:0 M13:0 M14:0} {M21:0 M22:1 M23:0 M24:0} {M31:0 M32:0 M33:1 M34:0} {M41:0 M42:0 M43:0 M44:0} }
{ {M11:1 M12:0 M13:0 M14:0} {M21:0 M22:1 M23:0 M24:0} {M31:0 M32:0 M33:1 M34:0} {M41:0 M42:0 M43:0 M44:0} }
{ {M11:1 M12:0 M13:0 M14:0} {M21:0 M22:1 M23:0 M24:0} {M31:0 M32:0 M33:1 M34:0} {M41:0 M42:0 M43:0 M44:0} }
{ {M11:1 M12:0 M13:0 M14:0} {M21:0 M22:1 M23:0 M24:0} {M31:0 M32:0 M33:1 M34:0} {M41:0 M42:0 M43:0 M44:0} }
{ {M11:1 M12:0 M13:0 M14:0} {M21:0 M22:1 M23:0 M24:0} {M31:0 M32:0 M33:1 M34:0} {M41:0 M42:0 M43:0 M44:0} }
{ {M11:1 M12:0 M13:0 M14:0} {M21:0 M22:1 M23:0 M24:0} {M31:0 M32:0 M33:1 M34:0} {M41:0 M42:0 M43:0 M44:0} }
{ {M11:1 M12:0 M13:0 M14:0} {M21:0 M22:1 M23:0 M24:0} {M31:0 M32:0 M33:1 M34:0} {M41:0 M42:0 M43:0 M44:0} }
{ {M11:1 M12:0 M13:0 M14:0} {M21:0 M22:1 M23:0 M24:0} {M31:0 M32:0 M33:1 M34:0} {M41:0 M42:0 M43:0 M44:0} }
{ {M11:0.03348595 M12:0.22546303 M13:-0.9736762 M14:-0.81962013} {M21:0.04925362 M22:0.97266644 M23:0.22692311 M24:0.8007977} {M31:0.9982249 M32:-0.05555582 M33:0.021465808 M34:0.22546303} {M41:0 M42:0 M43:0 M44:0} }
{ {M11:0.005964309 M12:0.19993027 M13:-0.97979206 M14:-0.8250694} {M21:0.055146113 M22:0.9782526 M23:0.19995183 M24:0.7991342} {M31:0.9984606 M32:-0.055224292 M33:-0.0051907897 M34:0.19993027} {M41:0 M42:0 M43:0 M44:0} }
{ {M11:0.057355702 M12:0.22249626 M13:-0.973245 M14:-0.8152127} {M21:0.05731728 M22:0.97250795 M23:0.2257056 M24:0.7890446} {M31:0.9967072 M32:-0.06872925 M33:0.043026 M34:0.22249626} {M41:0 M42:0 M43:0 M44:0} }
{ {M11:0.071009606 M12:0.22453064 M13:-0.97187644 M14:-0.7001122} {M21:0.07533608 M22:0.9703458 M23:0.2296814 M24:0.8078136} {M31:0.99462676 M32:-0.089526944 M33:0.05198863 M34:0.22453064} {M41:0 M42:0 M43:0 M44:0} }
{ {M11:0.17228559 M12:0.2319168 M13:-0.957357 M14:-0.6485851} {M21:0.052638963 M22:0.9683333 M23:0.24404867 M24:0.7894312} {M31:0.98363966 M32:-0.09244034 M33:0.15462208 M34:0.2319168} {M41:0 M42:0 M43:0 M44:0} }
{ {M11:0.24222401 M12:0.24412379 M13:-0.9390055 M14:-0.6787802} {M21:0.042626422 M22:0.9642147 M23:0.26167354 M24:0.7785683} {M31:0.9692836 M32:-0.103410065 M33:0.22314987 M34:0.24412379} {M41:0 M42:0 M43:0 M44:0} }
{ {M11:0.20306072 M12:0.2286549 M13:-0.95209426 M14:-0.6559874} {M21:0.055851217 M22:0.9680642 M23:0.24440208 M24:0.772153} {M31:0.9775721 M32:-0.10280408 M33:0.18380517 M34:0.2286549} {M41:0 M42:0 M43:0 M44:0} }
{ {M11:0.22811094 M12:0.22823188 M13:-0.9465071 M14:-0.65920496} {M21:0.059614573 M22:0.96703935 M23:0.2475501 M24:0.7680768} {M31:0.97180843 M32:-0.112894505 M33:0.20698634 M34:0.22823188} {M41:0 M42:0 M43:0 M44:0} }
{ {M11:0.24760485 M12:0.22920614 M13:-0.9413589 M14:-0.658319} {M21:0.060227983 M22:0.9660933 M23:0.2510703 M24:0.77026075} {M31:0.9669874 M32:-0.11886236 M33:0.22540477 M34:0.22920614} {M41:0 M42:0 M43:0 M44:0} }
{ {M11:0.3257339 M12:0.22655919 M13:-0.9179153 M14:-0.6566217} {M21:0.059308797 M22:0.96405625 M23:0.25899413 M24:0.8405339} {M31:0.9435996 M32:-0.13880363 M33:0.30058885 M34:0.22655919} {M41:0 M42:0 M43:0 M44:0} }
{ {M11:0.37497762 M12:0.30011275 M13:-0.8771113 M14:-0.706421} {M21:0.05225147 M22:0.93780166 M23:0.34321684 M24:1.2657776} {M31:0.92556024 M32:-0.17452899 M33:0.33597326 M34:0.30011275} {M41:0 M42:0 M43:0 M44:0} }
{ {M11:-0.07235059 M12:0.29656377 M13:-0.9522686 M14:-0.7091279} {M21:0.06022818 M22:0.9543274 M23:0.292629 M24:1.6708962} {M31:0.9955592 M32:-0.03618151 M33:-0.086907655 M34:0.29656377} {M41:0 M42:0 M43:0 M44:0} }
{ {M11:-0.3816564 M12:0.29219157 M13:-0.8769052 M14:-0.6862855} {M21:0.29530078 M22:0.93754375 M23:0.18387271 M24:1.776498} {M31:0.875863 M32:-0.18877459 M33:-0.44410402 M34:0.29219157} {M41:0 M42:0 M43:0 M44:0} }
{ {M11:-0.3932832 M12:0.3394562 M13:-0.8544576 M14:-0.6772928} {M21:0.31104505 M22:0.92367196 M23:0.223788 M24:1.7732291} {M31:0.8652048 M32:-0.17776278 M33:-0.46885085 M34:0.3394562} {M41:0 M42:0 M43:0 M44:0} }
{ {M11:-0.33819816 M12:0.32307303 M13:-0.8838812 M14:-0.64838696} {M21:0.2861906 M22:0.9300488 M23:0.23044334 M24:1.7610068} {M31:0.89650273 M32:-0.17502299 M33:-0.40700126 M34:0.32307303} {M41:0 M42:0 M43:0 M44:0} }
{ {M11:-0.3094709 M12:0.32664406 M13:-0.89304626 M14:-0.65985894} {M21:0.27276587 M22:0.9301769 M23:0.24570245 M24:1.7517369} {M31:0.9109483 M32:-0.1675548 M33:-0.37696007 M34:0.32664406} {M41:0 M42:0 M43:0 M44:0} }
{ {M11:-0.22539762 M12:0.29312903 M13:-0.92912406 M14:-0.67012} {M21:0.2197629 M22:0.94438344 M23:0.2446306 M24:1.7340822} {M31:0.9491577 M32:-0.14904782 M33:-0.27728075 M34:0.29312903} {M41:0 M42:0 M43:0 M44:0} }
{ {M11:-0.27801234 M12:0.32921234 M13:-0.90240157 M14:-0.7026324} {M21:0.21149305 M22:0.9373618 M23:0.2768096 M24:1.7156132} {M31:0.9370059 M32:-0.113895155 M33:-0.33022422 M34:0.32921234} {M41:0 M42:0 M43:0 M44:0} }
{ {M11:-0.32563195 M12:0.3261889 M13:-0.88744843 M14:-0.7167846} {M21:0.18298012 M22:0.94260204 M23:0.27932003 M24:1.7077868} {M31:0.92762184 M32:-0.07142992 M33:-0.36662742 M34:0.3261889} {M41:0 M42:0 M43:0 M44:0} }
{ {M11:-0.34769726 M12:0.32630557 M13:-0.8789946 M14:-0.7211697} {M21:0.16631627 M22:0.94408476 M23:0.28468025 M24:1.703385} {M31:0.92273813 M32:-0.047208548 M33:-0.3825256 M34:0.32630557} {M41:0 M42:0 M43:0 M44:0} }
{ {M11:-0.35798213 M12:0.33507204 M13:-0.8715364 M14:-0.72723484} {M21:0.16971622 M22:0.94119555 M23:0.29214266 M24:1.6994356} {M31:0.918175 M32:-0.04333201 M33:-0.39379835 M34:0.33507204} {M41:0 M42:0 M43:0 M44:0} }
{ {M11:-0.34851724 M12:0.326163 M13:-0.8787227 M14:-0.7283734} {M21:0.16119817 M22:0.9443906 M23:0.28660342 M24:1.6980494} {M31:0.9233369 M32:-0.041762263 M33:-0.38171327 M34:0.326163} {M41:0 M42:0 M43:0 M44:0} }
{ {M11:-0.36875156 M12:0.3371161 M13:-0.866242 M14:-0.75042355} {M21:0.14999308 M22:0.9412834 M23:0.30246928 M24:1.6929008} {M31:0.9173465 M32:-0.018394291 M33:-0.39766473 M34:0.3371161} {M41:0 M42:0 M43:0 M44:0} }
{ {M11:-0.11267176 M12:0.35792473 M13:-0.9269278 M14:-0.73830676} {M21:0.06332461 M22:0.93355817 M23:0.35278764 M24:1.4570942} {M31:0.99161243 M32:-0.018948123 M33:-0.1278511 M34:0.35792473} {M41:0 M42:0 M43:0 M44:0} }
{ {M11:-0.031953454 M12:0.2943136 M13:-0.9551747 M14:-0.6829976} {M21:0.019986954 M22:0.9556596 M23:0.29379445 M24:0.99860007} {M31:0.9992896 M32:-0.009703264 M33:-0.036419064 M34:0.2943136} {M41:0 M42:0 M43:0 M44:0} }
{ {M11:0.10421288 M12:0.31341916 M13:-0.94387937 M14:-0.6622335} {M21:-0.038369097 M22:0.9496073 M23:0.31108487 M24:0.7043317} {M31:0.9938147 M32:0.0037967712 M33:0.11098692 M34:0.31341916} {M41:0 M42:0 M43:0 M44:0} }
{ {M11:0.12113261 M12:0.3143522 M13:-0.9415465 M14:-0.6716224} {M21:-0.0055756355 M22:0.94873154 M23:0.31603378 M24:0.6664257} {M31:0.99262077 M32:-0.03303227 M33:0.11667505 M34:0.3143522} {M41:0 M42:0 M43:0 M44:0} }
{ {M11:0.12284964 M12:0.31169844 M13:-0.942206 M14:-0.6722094} {M21:-0.009249246 M22:0.94971573 M23:0.3129768 M24:0.6677073} {M31:0.9923823 M32:-0.029734388 M33:0.119555205 M34:0.31169844} {M41:0 M42:0 M43:0 M44:0} }
{ {M11:0.114008814 M12:0.3064292 M13:-0.9450414 M14:-0.6732588} {M21:-0.005122494 M22:0.9514124 M23:0.307877 M24:0.6712985} {M31:0.9934666 M32:-0.030259714 M33:0.110039115 M34:0.3064292} {M41:0 M42:0 M43:0 M44:0} }
{ {M11:0.10318637 M12:0.31061885 M13:-0.9449173 M14:-0.6772678} {M21:-0.0045141224 M22:0.9501247 M23:0.3118377 M24:0.6700683} {M31:0.9946519 M32:-0.027911916 M33:0.099442095 M34:0.31061885} {M41:0 M42:0 M43:0 M44:0} }
{ {M11:0.10475609 M12:0.31440482 M13:-0.9434914 M14:-0.6763214} {M21:-0.0065797633 M22:0.9489095 M23:0.31547976 M24:0.6690393} {M31:0.9944762 M32:-0.026840463 M33:0.101472795 M34:0.31440482} {M41:0 M42:0 M43:0 M44:0} }
{ {M11:0.0971061 M12:0.31363887 M13:-0.9445641 M14:-0.6815722} {M21:-0.003287796 M22:0.949145 M23:0.314822 M24:0.66963863} {M31:0.9952687 M32:-0.027465597 M33:0.093198985 M34:0.31363887} {M41:0 M42:0 M43:0 M44:0} }
{ {M11:0.0670169 M12:0.32271996 M13:-0.94411904 M14:-0.69572747} {M21:-0.0028831218 M22:0.9463049 M23:0.3232625 M24:0.67049056} {M31:0.9977478 M32:-0.018942058 M33:0.06434888 M34:0.32271996} {M41:0 M42:0 M43:0 M44:0} }
{ {M11:0.039758086 M12:0.32021004 M13:-0.94651204 M14:-0.7021693} {M21:-0.0053602853 M22:0.94731563 M23:0.32025677 M24:0.6726083} {M31:0.9991951 M32:-0.0076592118 M33:0.039379835 M34:0.32021004} {M41:0 M42:0 M43:0 M44:0} }
{ {M11:0.022930503 M12:0.35137418 M13:-0.93595433 M14:-0.7150028} {M21:-0.013171491 M22:0.93622535 M23:0.35115322 M24:0.66756326} {M31:0.9996504 M32:0.004275784 M33:0.026096255 M34:0.35137418} {M41:0 M42:0 M43:0 M44:0} }
{ {M11:0.016887814 M12:0.34654623 M13:-0.937881 M14:-0.7111994} {M21:-0.0049696304 M22:0.93803215 M23:0.34651262 M24:0.663003} {M31:0.99984515 M32:-0.0011909008 M33:0.017563492 M34:0.34654623} {M41:0 M42:0 M43:0 M44:0} }
{ {M11:0.019313753 M12:0.34516394 M13:-0.93834376 M14:-0.71039} {M21:-0.0056450213 M22:0.9385414 M23:0.34512046 M24:0.66437113} {M31:0.99979764 M32:-0.001368612 M33:0.020075291 M34:0.34516394} {M41:0 M42:0 M43:0 M44:0} }
{ {M11:0.023069412 M12:0.3511347 M13:-0.9360408 M14:-0.71208715} {M21:-0.007299835 M22:0.9363241 M23:0.35106105 M24:0.66055053} {M31:0.9997073 M32:-0.0012658089 M33:0.024163663 M34:0.3511347} {M41:0 M42:0 M43:0 M44:0} }
{ {M11:0.011852235 M12:0.33997083 M13:-0.9403614 M14:-0.71130395} {M21:-0.003427353 M22:0.94043565 M23:0.33995447 M24:0.6635052} {M31:0.99992394 M32:-0.00080627203 M33:0.012311488 M34:0.33997083} {M41:0 M42:0 M43:0 M44:0} }
{ {M11:-0.5518093 M12:-0.039087527 M13:-0.8330539 M14:-0.60006404} {M21:-0.20193727 M22:0.9754376 M23:0.08799363 M24:0.85860527} {M31:0.8091526 M32:0.21678033 M33:-0.5461488 M34:-0.039087527} {M41:0 M42:0 M43:0 M44:0} }
